00100100000101000000000000000001
00100100000100010000000000000001
00100100000101010000000000000000
00010010010000000000000000010001
00100100000100110000000000000000
00100100000101110000000000000000
00100100000101010000000000000000
00010010100100100000000000001101
00100100000100110000000000000000
00100100000101110000000000000000
00100100000101010000000000000000
00100010100101000000000000000001
00100100000100110000000000000000
00100100000101110000000000000000
00100100000101010000000000000000
01110010001101001000100000000010
00001000000100000000000000000101
00100100000100110000000000000000
00100100000101110000000000000000
00100100000101010000000000000000
00100100000010100000000000000000