00000000000001011001000010000010
00100100000010100000000000000010
00000000000000001001100000100001
00000000000001000100100000100001
00100010010100100000000000000001
00100100000101100000000000000000
00100100000101110000000000000000
00010001000010100000000000011100
00010010011100100000000000010001
10001101001100010000000000000000
00100100000101010000000000000000
00100100000101100000000000000000
00100100000101110000000000000000
00000000000100011000100001000000
00100100000101010000000000000000
00100100000101100000000000000000
00100100000101110000000000000000
10101101001100010000000000000000
00100100000101010000000000000000
00100100000101100000000000000000
00100100000101110000000000000000
00100001001010010000000000000100
00100010011100110000000000000001
00100010101101010000000000000000
00100010110101100000000000000000
00001000000100000000000000011000
00100100000000100000000000000100
00000000000001000100100000100001
00111100000000010001000000000001
00110100001001000000000001100110
00000000000000000000000000001100
00100010111101110000000000000000
00100100000000100000000000000100
00000000000010010010000000100001
00000000000000000000000000001100
00001000000100000000000001010001
00010010011100100000000000010001
10001101001100010000000000000000
00100100000101010000000000000000
00100100000101100000000000000000
00100100000101110000000000000000
00000000000100011000100001000010
00100100000101010000000000000000
00100100000101100000000000000000
00100100000101110000000000000000
10101101001100010000000000000000
00100100000101010000000000000000
00100100000101100000000000000000
00100100000101110000000000000000
00100001001010010000000000000100
00100010011100110000000000000001
00100010101101010000000000000000
00100010110101100000000000000000
00001000000100000000000000110100
00100100000000100000000000000100
00000000000001000100100000100001
00100010111101110000000000000000
00100010110101100000000000000000
00111100000000010001000000000001
00110100001001000000000001111001
00000000000000000000000000001100
00100010111101110000000000000000
00100100000000100000000000000100
00000000000010010010000000100001
00000000000000000000000000001100
00100100000000100000000000001010
00000000000000000000000000001100